5000000000012
5000000000029
5000000000036
5000000000043
5000000000050
5000000000067
5000000000074
5000000000081
5000000000098
5000000000104
5000000000111
5000000000128
5000000000135
5000000000142
5000000000159
5000000000166
5000000000173
5000000000180
5000000000197
5000000000203
5000000000210
5000000000227
5000000000234
5000000000241
5000000000258
5000000000265
5000000000272
5000000000289
5000000000296
5000000000302
5000000000319
5000000000326
5000000000333
5000000000340
5000000000357
5000000000364
5000000000371
5000000000388
5000000000395
5000000000401
5000000000418
5000000000425
5000000000432
5000000000449
5000000000456
5000000000463
5000000000470
5000000000487
5000000000494
5000000000500
5000000000517
5000000000524
5000000000531
5000000000548
5000000000555
5000000000562
5000000000579
5000000000586
5000000000593
5000000000609
5000000000616
5000000000623
5000000000630
5000000000647
5000000000654
5000000000661
5000000000678
5000000000685
5000000000692
5000000000708
5000000000715
5000000000722
5000000000739
5000000000746
5000000000753
5000000000760
5000000000777
5000000000784
5000000000791
5000000000807
5000000000814
5000000000821
5000000000838
5000000000845
5000000000852
5000000000869
5000000000876
5000000000883
5000000000890
5000000000906
5000000000913
5000000000920
5000000000937
5000000000944
5000000000951
5000000000968
5000000000975
5000000000982
5000000000999
5000000001002
5000000001019
5000000001026
5000000001033
5000000001040
5000000001057
5000000001064
5000000001071
5000000001088
5000000001095
5000000001101
5000000001118
5000000001125
5000000001132
5000000001149
5000000001156
5000000001163
5000000001170
5000000001187
5000000001194
5000000001200
5000000001217
5000000001224
5000000001231
5000000001248
5000000001255
5000000001262
5000000001279
5000000001286
5000000001293
5000000001309
5000000001316
5000000001323
5000000001330
5000000001347
5000000001354
5000000001361
5000000001378
5000000001385
5000000001392
5000000001408
5000000001415
5000000001422
5000000001439
5000000001446
5000000001453
5000000001460
5000000001477
5000000001484
5000000001491
5000000001507
5000000001514
5000000001521
5000000001538
5000000001545
5000000001552
5000000001569
5000000001576
5000000001583
5000000001590
5000000001606
5000000001613
5000000001620
5000000001637
5000000001644
5000000001651
5000000001668
5000000001675
5000000001682
5000000001699
5000000001705
5000000001712
5000000001729
5000000001736
5000000001743
5000000001750
5000000001767
5000000001774
5000000001781
5000000001798
5000000001804
5000000001811
5000000001828
5000000001835
5000000001842
5000000001859
5000000001866
5000000001873
5000000001880
5000000001897
5000000001903
5000000001910
5000000001927
5000000001934
5000000001941
5000000001958
5000000001965
5000000001972
5000000001989
5000000001996
5000000002009
5000000002016
5000000002023
5000000002030
5000000002047
5000000002054
5000000002061
5000000002078
5000000002085
5000000002092
5000000002108
5000000002115
5000000002122
5000000002139
5000000002146
5000000002153
5000000002160
5000000002177
5000000002184
5000000002191
5000000002207
5000000002214
5000000002221
5000000002238
5000000002245
5000000002252
5000000002269
5000000002276
5000000002283
5000000002290
5000000002306
5000000002313
5000000002320
5000000002337
5000000002344
5000000002351
5000000002368
5000000002375
5000000002382
5000000002399
5000000002405
5000000002412
5000000002429
5000000002436
5000000002443
5000000002450
5000000002467
5000000002474
5000000002481
5000000002498
5000000002504
5000000002511
5000000002528
5000000002535
5000000002542
5000000002559
5000000002566
5000000002573
5000000002580
5000000002597
5000000002603
5000000002610
5000000002627
5000000002634
5000000002641
5000000002658
5000000002665
5000000002672
5000000002689
5000000002696
5000000002702
5000000002719
5000000002726
5000000002733
5000000002740
5000000002757
5000000002764
5000000002771
5000000002788
5000000002795
5000000002801
5000000002818
5000000002825
5000000002832
5000000002849
5000000002856
5000000002863
5000000002870
5000000002887
5000000002894
5000000002900
5000000002917
5000000002924
5000000002931
5000000002948
5000000002955
5000000002962
5000000002979
5000000002986
5000000002993
5000000003006
5000000003013
5000000003020
5000000003037
5000000003044
5000000003051
5000000003068
5000000003075
5000000003082
5000000003099
5000000003105
5000000003112
5000000003129
5000000003136
5000000003143
5000000003150
5000000003167
5000000003174
5000000003181
5000000003198
5000000003204
5000000003211
5000000003228
5000000003235
5000000003242
5000000003259
5000000003266
5000000003273
5000000003280
5000000003297
5000000003303
5000000003310
5000000003327
5000000003334
5000000003341
5000000003358
5000000003365
5000000003372
5000000003389
5000000003396
5000000003402
5000000003419
5000000003426
5000000003433
5000000003440
5000000003457
5000000003464
5000000003471
5000000003488
5000000003495
5000000003501
5000000003518
5000000003525
5000000003532
5000000003549
5000000003556
5000000003563
5000000003570
5000000003587
5000000003594
5000000003600
5000000003617
5000000003624
5000000003631
5000000003648
5000000003655
5000000003662
5000000003679
5000000003686
5000000003693
5000000003709
5000000003716
5000000003723
5000000003730
5000000003747
5000000003754
5000000003761
5000000003778
5000000003785
5000000003792
5000000003808
5000000003815
5000000003822
5000000003839
5000000003846
5000000003853
5000000003860
5000000003877
5000000003884
5000000003891
5000000003907
5000000003914
5000000003921
5000000003938
5000000003945
5000000003952
5000000003969
5000000003976
5000000003983
5000000003990
5000000004003
5000000004010
5000000004027
5000000004034
5000000004041
5000000004058
5000000004065
5000000004072
5000000004089
5000000004096
5000000004102
5000000004119
5000000004126
5000000004133
5000000004140
5000000004157
5000000004164
5000000004171
5000000004188
5000000004195
5000000004201
5000000004218
5000000004225
5000000004232
5000000004249
5000000004256
5000000004263
5000000004270
5000000004287
5000000004294
5000000004300
5000000004317
5000000004324
5000000004331
5000000004348
5000000004355
5000000004362
5000000004379
5000000004386
5000000004393
5000000004409
5000000004416
5000000004423
5000000004430
5000000004447
5000000004454
5000000004461
5000000004478
5000000004485
5000000004492
5000000004508
5000000004515
5000000004522
5000000004539
5000000004546
5000000004553
5000000004560
5000000004577
5000000004584
5000000004591
5000000004607
5000000004614
5000000004621
5000000004638
5000000004645
5000000004652
5000000004669
5000000004676
5000000004683
5000000004690
5000000004706
5000000004713
5000000004720
5000000004737
5000000004744
5000000004751
5000000004768
5000000004775
5000000004782
5000000004799
5000000004805
5000000004812
5000000004829
5000000004836
5000000004843
5000000004850
5000000004867
5000000004874
5000000004881
5000000004898
5000000004904
5000000004911
5000000004928
5000000004935
5000000004942
5000000004959
5000000004966
5000000004973
5000000004980
5000000004997
5000000005000
5000000005017
5000000005024
5000000005031
5000000005048
5000000005055
5000000005062
5000000005079
5000000005086
5000000005093
5000000005109
5000000005116
5000000005123
5000000005130
5000000005147
5000000005154
5000000005161
5000000005178
5000000005185
5000000005192
5000000005208
5000000005215
5000000005222
5000000005239
5000000005246
5000000005253
5000000005260
5000000005277
5000000005284
5000000005291
5000000005307
5000000005314
5000000005321
5000000005338
5000000005345
5000000005352
5000000005369
5000000005376
5000000005383
5000000005390
5000000005406
5000000005413
5000000005420
5000000005437
5000000005444
5000000005451
5000000005468
5000000005475
5000000005482
5000000005499
5000000005505
5000000005512
5000000005529
5000000005536
5000000005543
5000000005550
5000000005567
5000000005574
5000000005581
5000000005598
5000000005604
5000000005611
5000000005628
5000000005635
5000000005642
5000000005659
5000000005666
5000000005673
5000000005680
5000000005697
5000000005703
5000000005710
5000000005727
5000000005734
5000000005741
5000000005758
5000000005765
5000000005772
5000000005789
5000000005796
5000000005802
5000000005819
5000000005826
5000000005833
5000000005840
5000000005857
5000000005864
5000000005871
5000000005888
5000000005895
5000000005901
5000000005918
5000000005925
5000000005932
5000000005949
5000000005956
5000000005963
5000000005970
5000000005987
5000000005994
5000000006007
5000000006014
5000000006021
5000000006038
5000000006045
5000000006052
5000000006069
5000000006076
5000000006083
5000000006090
5000000006106
5000000006113
5000000006120
5000000006137
5000000006144
5000000006151
5000000006168
5000000006175
5000000006182
5000000006199
5000000006205
5000000006212
5000000006229
5000000006236
5000000006243
5000000006250
5000000006267
5000000006274
5000000006281
5000000006298
5000000006304
5000000006311
5000000006328
5000000006335
5000000006342
5000000006359
5000000006366
5000000006373
5000000006380
5000000006397
5000000006403
5000000006410
5000000006427
5000000006434
5000000006441
5000000006458
5000000006465
5000000006472
5000000006489
5000000006496
5000000006502
5000000006519
5000000006526
5000000006533
5000000006540
5000000006557
5000000006564
5000000006571
5000000006588
5000000006595
5000000006601
5000000006618
5000000006625
5000000006632
5000000006649
5000000006656
5000000006663
5000000006670
5000000006687
5000000006694
5000000006700
5000000006717
5000000006724
5000000006731
5000000006748
5000000006755
5000000006762
5000000006779
5000000006786
5000000006793
5000000006809
5000000006816
5000000006823
5000000006830
5000000006847
5000000006854
5000000006861
5000000006878
5000000006885
5000000006892
5000000006908
5000000006915
5000000006922
5000000006939
5000000006946
5000000006953
5000000006960
5000000006977
5000000006984
5000000006991
5000000007004
5000000007011
5000000007028
5000000007035
5000000007042
5000000007059
5000000007066
5000000007073
5000000007080
5000000007097
5000000007103
5000000007110
5000000007127
